('3',)
('3323', '4')
('6',)
('3467', '3')
('4354', '3')
('7',)
('5000', '1')
('8',)
('3216', '4')
('3366', '4')
('3467', '4')
('3906', '4')
('4132', '4')
('4354', '4')
('4999', '3')
('5123', '4')
('6057', '3')
('6058', '4')
('7062', '1')
('7212', '4')
('7235', '4')
('7247', '5')
('7755', '4')
('12',)
('3216', '3')
('3366', '3')
        12    3  6    7  8
10059    0    0  0    0  0
10143    0    0  0    0  0
10156    0    0  0    0  0
10157    0    0  0    0  0
10178    0    0  0    0  0
10227    0    0  0    0  0
10234    0    0  0    0  0
10241    0    0  0    0  0
3        3    4  3  NaN  4
3189     0    0  0    0  0
3207     0    0  0    0  0
3216     0    0  0    0  0
3233     0    0  0    0  0
3239     0    0  0    0  0
3323     0    0  0    0  0
3366     0    0  0    0  0
3467     0    0  0    0  0
3854     0    0  0    0  0
3906     0    0  0    0  0
3961     0    0  0    0  0
4      NaN  NaN  3  NaN  3
4057     0    0  0    0  0
4064     0    0  0    0  0
4068     0    0  0    0  0
4072     0    0  0    0  0
4076     0    0  0    0  0
4132     0    0  0    0  0
4152     0    0  0    0  0
4252     0    0  0    0  0
4354     0    0  0    0  0
...    ...  ... ..  ... ..
7320     0    0  0    0  0
7755     0    0  0    0  0
8779     0    0  0    0  0
8860     0    0  0    0  0
8862     0    0  0    0  0
8865     0    0  0    0  0
8901     0    0  0    0  0
8903     0    0  0    0  0
8929     0    0  0    0  0
8935     0    0  0    0  0
8939     0    0  0    0  0
9417     0    0  0    0  0
9419     0    0  0    0  0
9420     0    0  0    0  0
9432     0    0  0    0  0
9438     0    0  0    0  0
9441     0    0  0    0  0
9443     0    0  0    0  0
9448     0    0  0    0  0
9514     0    0  0    0  0
9739     0    0  0    0  0
9753     0    0  0    0  0
9775     0    0  0    0  0
9779     0    0  0    0  0
9782     0    0  0    0  0
9797     0    0  0    0  0
9807     0    0  0    0  0
9816     0    0  0    0  0
9818     0    0  0    0  0
9821     0    0  0    0  0

[91 rows x 5 columns]
